La HRC14
 14
 1 0 0 1 1
        7.50000000     1.00000000
 1 0 0 1 1
        5.00000000     1.00000000
 1 0 0 1 1
        1.00000000     1.00000000
 1 0 0 1 1
        0.20000000     1.00000000
 1 0 0 1 1
        0.04000000     1.00000000       
 1 1 1 1 1
        4.50000000     1.00000000
 1 1 1 1 1
        0.90000000     1.00000000
 1 1 1 1 1
        0.30000000     1.00000000
 1 1 1 1 1
        0.06000000     1.00000000
 1 2 2 1 1
        0.90000000     1.00000000
 1 2 2 1 1
        0.30000000     1.00000000
 1 2 2 1 1
        0.09000000     1.00000000
 1 3 3 1 1
        0.50000000     1.00000000
 1 3 3 1 1
        0.25000000     1.00000000        
        
La  HRC10
 10
 1 0 0 1 1
        5.00000000     1.00000000
 1 0 0 1 1
        1.00000000     1.00000000
 1 0 0 1 1
        0.20000000     1.00000000
 1 1 1 1 1
        4.50000000     1.00000000
 1 1 1 1 1
        0.90000000     1.00000000
 1 1 1 1 1
        0.30000000     1.00000000
 1 2 2 1 1
        0.90000000     1.00000000
 1 2 2 1 1
        0.30000000     1.00000000
 1 2 2 1 1
        0.10000000     1.00000000
 1 3 3 1 1
        0.33000000     1.00000000
